Bulevardul 1 Decembrie 1-2
4
46.751815,23.543980
46.754329,23.542800
46.755078,23.542500
46.756916,23.542371
Bulevardul 1 Decembrie 1-2
4
46.756916,23.542371
46.755078,23.542500
46.754329,23.542800
46.751815,23.543980
Bulevardul 1 Decembrie 2-2
12
46.756916,23.542371
46.760694,23.544130
46.764868,23.548229
46.765383,23.549109
46.765633,23.550847
46.765750,23.552263
46.766632,23.554709
46.767926,23.556790
46.768440,23.560138
46.767808,23.563678
46.767999,23.565481
46.768925,23.567562
Bulevardul 1 Decembrie 2-2
12
46.768925,23.567562
46.767999,23.565481
46.767808,23.563678
46.768440,23.560138
46.767926,23.556790
46.766632,23.554709
46.765750,23.552263
46.765633,23.550847
46.765383,23.549109
46.764868,23.548229
46.760694,23.544130
46.756916,23.542371
Primaverii 1-2
7
46.751815,23.543980
46.751940,23.545761
46.753858,23.551061
46.754093,23.552070
46.754314,23.553969
46.754806,23.555288
46.755262,23.556404
Primaverii 1-2
7
46.755262,23.556404
46.754806,23.555288
46.754314,23.553969
46.754093,23.552070
46.753858,23.551061
46.751940,23.545761
46.751815,23.543980
Primaverii 2-2
6
46.755262,23.556404
46.755505,23.556361
46.756401,23.556447
46.758018,23.556769
46.759782,23.557713
46.760231,23.558056
Primaverii 2-2
6
46.760231,23.558056
46.759782,23.557713
46.758018,23.556769
46.756401,23.556447
46.755505,23.556361
46.755262,23.556404
Plopilor-2
8
46.760231,23.558056
46.760701,23.557359
46.761260,23.556393
46.762039,23.556329
46.762502,23.557187
46.762847,23.561071
46.763332,23.562777
46.764251,23.564000
Plopilor-2
8
46.764251,23.564000
46.763332,23.562777
46.762847,23.561071
46.762502,23.557187
46.762039,23.556329
46.761260,23.556393
46.760701,23.557359
46.760231,23.558056
Splaiul Independentei 1-2
3
46.764251,23.564000
46.766823,23.566800
46.767418,23.569021
Splaiul Independentei 1-2
3
46.767418,23.569021
46.766823,23.566800
46.764251,23.564000
Splaiul Independentei 2-2
8
46.767418,23.569021
46.768043,23.570158
46.769439,23.571618
46.770380,23.576488
46.771600,23.581574
46.772188,23.582819
46.772085,23.583612
46.771761,23.584503
Splaiul Independentei 2-2
8
46.771761,23.584503
46.772085,23.583612
46.772188,23.582819
46.771600,23.581574
46.770380,23.576488
46.769439,23.571618
46.768043,23.570158
46.767418,23.569021
Giuseppe Garibaldi-2
2
46.767418,23.569021
46.768925,23.567562
Giuseppe Garibaldi-2
2
46.768925,23.567562
46.767418,23.569021
Izlazului-2
3
46.755262,23.556404
46.755225,23.557284
46.755593,23.564172
Izlazului-2
3
46.755593,23.564172
46.755225,23.557284
46.755262,23.556404
Frunzisului-2
14
46.755593,23.564172
46.755343,23.566661
46.753461,23.567927
46.752711,23.568678
46.751888,23.570545
46.750521,23.571253
46.749286,23.572326
46.748565,23.574514
46.748301,23.575115
46.748462,23.575716
46.748830,23.575480
46.749977,23.574686
46.751829,23.575587
46.752564,23.577025
Frunzisului-2
14
46.752564,23.577025
46.751829,23.575587
46.749977,23.574686
46.748830,23.575480
46.748462,23.575716
46.748301,23.575115
46.748565,23.574514
46.749286,23.572326
46.750521,23.571253
46.751888,23.570545
46.752711,23.568678
46.753461,23.567927
46.755343,23.566661
46.755593,23.564172
Campului-2
3
46.755593,23.564172
46.758254,23.562648
46.760576,23.562756
Campului-2
3
46.760576,23.562756
46.758254,23.562648
46.755593,23.564172
Calea Manastur 1-2
3
46.756916,23.542371
46.758504,23.550117
46.760231,23.558056
Calea Manastur 1-2
3
46.760231,23.558056
46.758504,23.550117
46.756916,23.542371
Calea Manastur 2-2
2
46.760231,23.558056
46.760576,23.562756
Calea Manastur 2-2
2
46.760576,23.562756
46.760231,23.558056
Calea Manastur 3-2
4
46.760576,23.562756
46.760753,23.564429
46.763002,23.572712
46.764501,23.574729
Calea Manastur 3-2
4
46.764501,23.574729
46.763002,23.572712
46.760753,23.564429
46.760576,23.562756
Motilor 1-2
2
46.764501,23.574729
46.765133,23.576360
Motilor 1-2
2
46.765133,23.576360
46.764501,23.574729
Motilor 2-2
3
46.765133,23.576360
46.766853,23.581209
46.768675,23.584986
Motilor 2-2
3
46.768675,23.584986
46.766853,23.581209
46.765133,23.576360
George Cosbuc-2
2
46.765133,23.576360
46.764251,23.564000
George Cosbuc-2
2
46.764251,23.564000
46.765133,23.576360
Clinicilor-1
6
46.764501,23.574729
46.764817,23.578484
46.766338,23.584170
46.766691,23.585318
46.767058,23.585662
46.767411,23.586649
Petru Maior-1
2
46.768675,23.584986
46.767411,23.586649
Napoca 1-1
2
46.767411,23.586649
46.767433,23.586735
Napoca 2-1
2
46.767433,23.586735
46.768704,23.589857
Napoca 3-1
2
46.768704,23.589857
46.769101,23.590951
Memorandumului-1
2
46.768991,23.585436
46.768675,23.584986
Gheorghe Sincai-2
2
46.767433,23.586735
46.768991,23.585436
Gheorghe Sincai-2
2
46.768991,23.585436
46.767433,23.586735
Observatorului 1-2
4
46.752564,23.577025
46.754402,23.584321
46.755196,23.588612
46.755813,23.594191
Observatorului 1-2
4
46.755813,23.594191
46.755196,23.588612
46.754402,23.584321
46.752564,23.577025
Observatorului 2-2
2
46.755813,23.594191
46.756004,23.596680
Observatorului 2-2
2
46.756004,23.596680
46.755813,23.594191
Republicii 1-2
10
46.755813,23.594191
46.757430,23.593805
46.759209,23.592517
46.759841,23.592067
46.760415,23.591251
46.761929,23.589964
46.762340,23.589706
46.762737,23.588805
46.763825,23.588097
46.766279,23.587410
Republicii 1-2
10
46.766279,23.587410
46.763825,23.588097
46.762737,23.588805
46.762340,23.589706
46.761929,23.589964
46.760415,23.591251
46.759841,23.592067
46.759209,23.592517
46.757430,23.593805
46.755813,23.594191
Republicii 2-1
2
46.767433,23.586735
46.766279,23.587410
Avram Iancu 1-1
2
46.766279,23.587410
46.766298,23.590259
Avram Iancu 2-2
5
46.766298,23.590259
46.766360,23.591466
46.767624,23.597410
46.767668,23.598000
46.767720,23.597968
Avram Iancu 2-2
5
46.767720,23.597968
46.767668,23.598000
46.767624,23.597410
46.766360,23.591466
46.766298,23.590259
Universitatii-1
2
46.766298,23.590259
46.768704,23.589857
Eroilor-1
2
46.769101,23.590951
46.770571,23.596551
Bulevardul 21 Decembrie 1-1
2
46.770836,23.589857
46.768991,23.585436
Bulevardul 21 Decembrie 2-1
3
46.772511,23.595414
46.771262,23.590790
46.770836,23.589857
Piata Unirii-1
2
46.769101,23.590951
46.770836,23.589857
Emil Isac-1
3
46.771761,23.584503
46.769726,23.585179
46.768991,23.585436
George Baritiu-2
4
46.771761,23.584503
46.771945,23.584975
46.773047,23.587056
46.773628,23.588119
George Baritiu-2
4
46.773628,23.588119
46.773047,23.587056
46.771945,23.584975
46.771761,23.584503
Mihai Vitezul-2
3
46.773628,23.588119
46.774039,23.589814
46.774172,23.592045
Mihai Vitezul-2
3
46.774172,23.592045
46.774039,23.589814
46.773628,23.588119
Cuza Voda-2
5
46.774172,23.592045
46.773981,23.592496
46.773621,23.592625
46.773253,23.594266
46.772511,23.595414
Cuza Voda-2
5
46.772511,23.595414
46.773253,23.594266
46.773621,23.592625
46.773981,23.592496
46.774172,23.592045
Piata Avram Iancu 1-1
2
46.772511,23.595414
46.770571,23.596551
Piata Avram Iancu 2-1
2
46.770571,23.596551
46.768308,23.597882
Piata Avram Iancu 3-1
2
46.768308,23.597882
46.767191,23.598858
Calea Turzii-2
12
46.756004,23.596680
46.756372,23.597410
46.756740,23.597925
46.757724,23.597624
46.758474,23.598397
46.758842,23.598568
46.761164,23.597775
46.762090,23.597753
46.765706,23.598869
46.766456,23.598461
46.767058,23.598096
46.767720,23.597968
Calea Turzii-2
12
46.767720,23.597968
46.767058,23.598096
46.766456,23.598461
46.765706,23.598869
46.762090,23.597753
46.761164,23.597775
46.758842,23.598568
46.758474,23.598397
46.757724,23.597624
46.756740,23.597925
46.756372,23.597410
46.756004,23.596680
Cipariu 1-1
3
46.767720,23.597968
46.767264,23.598676
46.767440,23.599770
Cipariu 2-1
2
46.767440,23.599770
46.768660,23.599083
Cipariu 3-1
2
46.768660,23.599083
46.770968,23.597581
Posada-1
2
46.768660,23.599083
46.768308,23.597882
Titulescu-2
6
46.767440,23.599770
46.767529,23.600543
46.768660,23.604770
46.769175,23.608739
46.769425,23.613181
46.768763,23.618910
Titulescu-2
6
46.768763,23.618910
46.769425,23.613181
46.769175,23.608739
46.768660,23.604770
46.767529,23.600543
46.767440,23.599770
Unirii-2
7
46.768763,23.618910
46.768249,23.620648
46.768322,23.623009
46.767955,23.624382
46.767852,23.629146
46.768308,23.629854
46.768616,23.630197
Unirii-2
7
46.768616,23.630197
46.768308,23.629854
46.767852,23.629146
46.767955,23.624382
46.768322,23.623009
46.768249,23.620648
46.768763,23.618910
Aurel Vlaicu-1
2
46.778316,23.614812
46.779212,23.619854
Fabricii-1
2
46.778316,23.614812
46.781813,23.613310
Bucuresti-1
3
46.781813,23.613310
46.780681,23.604748
46.779579,23.591573
Traian 1-1
5
46.779579,23.591573
46.777581,23.591294
46.777184,23.591230
46.776743,23.590865
46.776156,23.589900
Traian 2-1
7
46.779579,23.591573
46.781034,23.591788
46.782224,23.592367
46.783429,23.593268
46.784443,23.594620
46.785148,23.596015
46.785383,23.595994
Decebal 1-1
3
46.776156,23.589900
46.774833,23.591788
46.774172,23.592045
Decebal 2-1
10
46.776156,23.589900
46.778639,23.589234
46.780285,23.590050
46.781255,23.590178
46.782459,23.590693
46.783062,23.590801
46.783738,23.591423
46.784913,23.593354
46.785339,23.594513
46.785383,23.595994
Alexandru Vaida Voevod 1-2
3
46.768616,23.630197
46.770351,23.627450
46.772173,23.623867
Alexandru Vaida Voevod 1-2
3
46.772173,23.623867
46.770351,23.627450
46.768616,23.630197
Alexandru Vaida Voevod 2-2
5
46.772173,23.623867
46.772893,23.622472
46.774627,23.621507
46.778419,23.619812
46.779212,23.619854
Alexandru Vaida Voevod 2-2
5
46.779212,23.619854
46.778419,23.619812
46.774627,23.621507
46.772893,23.622472
46.772173,23.623867
Aleea Slanic-2
6
46.768763,23.618910
46.769895,23.619103
46.770542,23.619769
46.771203,23.620992
46.771659,23.622687
46.772173,23.623867
Aleea Slanic-2
6
46.772173,23.623867
46.771659,23.622687
46.771203,23.620992
46.770542,23.619769
46.769895,23.619103
46.768763,23.618910
Dorobantilor 1-1
2
46.770571,23.596551
46.770968,23.597581
Dorobantilor 2-1
8
46.770968,23.597581
46.772055,23.603075
46.773260,23.606637
46.773760,23.608053
46.776111,23.611915
46.776861,23.615177
46.777096,23.615391
46.778316,23.614812
Marasti-2
5
46.772511,23.595414
46.775421,23.603311
46.776846,23.606980
46.777169,23.608525
46.778316,23.614812
Marasti-2
5
46.778316,23.614812
46.777169,23.608525
46.776846,23.606980
46.775421,23.603311
46.772511,23.595414
Aurel Vlaicu-2
2
46.778316,23.614812
46.779212,23.619854
Aurel Vlaicu-2
2
46.779212,23.619854
46.778316,23.614812
Fabricii-2
2
46.778316,23.614812
46.781813,23.613310
Fabricii-2
2
46.781813,23.613310
46.778316,23.614812
Bucuresti-2
3
46.781813,23.613310
46.780681,23.604748
46.779579,23.591573
Bucuresti-2
3
46.779579,23.591573
46.780681,23.604748
46.781813,23.613310
