Bulevardul 1 Decembrie 1
94
94
95
95
94
81
45
9
14
21
40
53
63
55
35
5
15
22
35
75
73
71
85
86
Bulevardul 1 Decembrie 2
90
93
98
98
93
81
55
11
6
18
42
50
55
59
26
9
12
16
38
75
66
82
85
100
Primaverii 1
95
92
92
98
95
81
55
10
11
19
40
45
64
65
25
8
6
17
41
65
79
76
96
92
Primaverii 2
98
93
90
100
89
84
45
13
9
21
43
47
65
63
31
9
8
25
43
71
70
84
95
89
Plopilor
99
97
100
94
86
84
51
5
6
16
40
46
58
59
28
7
15
25
43
65
69
71
100
88
Splaiul Independentei 1
97
91
97
92
85
80
54
11
5
24
43
46
63
65
25
5
9
21
35
82
77
84
89
95
Splaiul Independentei 2
98
96
100
94
89
75
46
8
10
22
36
52
63
59
26
8
6
23
39
78
73
81
85
95
Giuseppe Garibaldi
95
90
90
100
91
85
50
15
5
16
38
52
62
55
29
10
10
21
38
73
68
85
91
100
Izlazului
99
93
98
92
93
80
45
10
10
18
39
53
63
58
30
11
13
18
45
72
80
85
92
99
Frunzisului
99
91
97
99
94
75
54
6
9
16
40
45
64
58
31
14
11
20
45
83
66
70
94
95
Campului
91
96
98
90
85
85
45
8
10
25
43
50
64
63
33
8
8
20
44
65
65
75
99
98
Calea Manastur 1
93
92
92
93
92
80
46
9
11
16
44
47
62
61
32
15
7
25
42
65
79
75
85
89
Calea Manastur 2
100
90
100
92
91
84
49
8
8
25
40
47
64
60
31
12
10
25
37
77
75
74
96
94
Calea Manastur 3
90
90
93
96
93
85
50
14
5
21
36
51
55
58
31
13
8
20
41
75
77
75
89
89
Motilor 1
93
91
98
90
86
84
45
6
14
20
39
49
58
63
33
14
13
15
39
70
78
72
93
93
Motilor 2
90
100
96
100
91
78
45
10
9
23
37
48
65
55
26
10
10
18
42
73
77
78
85
94
George Cosbuc
94
91
100
98
92
78
51
12
15
15
44
49
55
64
29
11
14
15
39
68
79
85
95
99
Clinicilor
98
92
96
96
95
80
55
7
14
15
36
54
62
64
34
8
8
22
41
68
75
80
100
100
Petru Maior
100
96
96
92
91
75
55
14
10
17
39
47
61
60
30
13
8
18
42
67
79
71
94
97
Napoca 1
91
95
91
95
94
81
54
13
5
23
38
47
61
57
29
7
15
23
40
73
66
85
93
89
Napoca 2
95
91
97
99
90
81
55
11
10
15
45
53
65
57
25
12
5
18
43
78
69
75
94
86
Napoca 3
91
99
93
94
95
81
52
5
6
24
35
51
57
58
27
5
15
15
36
66
76
73
95
90
Memorandumului
92
99
99
98
87
77
53
14
9
21
43
55
59
64
35
7
9
25
42
75
72
70
87
86
Gheorghe Sincai
100
91
97
90
86
75
51
12
15
15
40
48
64
57
33
15
7
19
43
65
69
82
87
100
Observatorului 1
100
94
98
94
90
81
49
12
9
15
37
47
64
62
34
13
6
17
36
82
80
82
98
90
Observatorului 2
97
90
98
98
93
83
52
14
14
20
40
45
60
56
28
8
7
18
42
80
69
76
92
87
Calea Turzii
98
94
90
92
93
75
55
14
12
23
41
55
59
55
32
9
5
23
38
67
68
70
85
99
Posada
91
96
92
94
89
83
46
14
12
24
37
54
61
62
26
8
5
16
45
83
77
72
100
99
Cipariu 1
98
95
92
95
92
76
49
5
15
23
43
55
59
58
33
11
14
21
40
74
74
74
98
90
Cipariu 2
94
93
93
96
91
80
49
13
10
16
44
52
58
62
26
8
9
24
43
67
66
77
90
88
Cipariu 3
99
90
97
91
86
85
51
15
11
17
37
54
57
65
35
14
15
15
44
72
66
81
96
85
Titulescu
95
99
94
91
95
82
49
6
8
23
45
53
65
64
28
14
8
23
35
66
71
80
88
93
Unirii
92
99
100
100
86
83
53
11
9
17
41
45
59
64
27
12
12
15
36
69
75
70
93
92
Aurel Vlaicu
97
92
98
92
89
81
53
14
7
21
36
55
64
63
35
6
7
19
45
67
66
72
88
94
Fabricii
92
99
98
99
91
80
47
10
11
23
45
46
64
55
25
5
8
25
42
69
75
81
94
100
Bucuresti
94
96
100
96
95
81
54
12
13
21
45
54
57
56
28
11
15
20
39
71
73
84
95
85
Traian 1
95
97
92
99
89
76
51
10
9
20
35
50
65
59
32
11
12
15
37
85
71
77
100
89
Traian 2
96
93
93
94
91
77
54
13
10
21
40
50
55
57
29
12
11
23
44
69
73
71
99
92
Decebal 1
95
100
90
93
89
82
53
14
14
16
44
54
59
65
34
12
13
24
45
76
70
74
90
100
Decebal 2
94
99
94
95
91
78
52
6
11
24
38
50
56
65
26
12
15
22
35
83
76
79
96
96
Alexandru Vaida Voevod 1
98
98
97
97
91
85
47
9
8
19
35
49
57
65
34
12
13
23
41
76
77
76
91
96
Alexandru Vaida Voevod 2
95
93
90
95
86
76
45
14
9
17
42
47
56
64
29
5
14
24
37
78
80
77
93
92
Aleea Slanic
99
96
100
93
91
84
55
5
10
19
43
47
64
55
31
13
8
18
38
71
77
71
90
99
Dorobantilor 1
93
91
92
96
93
84
47
7
6
21
41
47
57
65
28
5
6
16
43
67
65
74
93
97
Dorobantilor 2
94
95
95
95
85
80
49
7
6
15
40
52
55
60
30
11
5
20
39
83
75
75
94
85
Marasti
99
100
100
92
88
84
45
10
14
20
45
53
60
55
26
13
14
18
42
72
66
72
93
85
Republicii 1
91
99
90
99
90
80
47
7
15
18
41
46
56
59
34
14
15
25
36
79
71
75
87
92
Republicii 2
98
91
90
92
88
78
54
6
8
17
38
51
60
55
31
10
7
16
36
81
73
73
88
100
Avram Iancu 1
97
96
93
96
87
79
45
10
7
20
35
55
57
64
33
15
11
21
43
74
69
78
86
94
Avram Iancu 2
98
99
94
93
92
75
53
10
10
19
43
54
65
62
27
6
12
19
35
79
80
74
97
96
Universitatii
94
94
96
99
92
83
45
15
8
24
45
47
62
65
26
8
14
24
35
66
73
78
92
92
Eroilor
92
92
100
92
95
85
47
9
5
18
43
45
58
65
28
7
9
18
41
71
70
82
88
95
Bulevardul 21 Decembrie 1
92
99
99
96
92
77
51
14
9
15
40
55
59
64
30
15
10
15
40
65
65
79
87
99
Bulevardul 21 Decembrie 2
95
99
98
92
85
79
48
14
14
24
42
45
63
65
32
14
12
17
40
75
70
74
85
87
Piata Unirii
98
95
92
98
95
79
50
9
12
19
36
49
55
58
28
8
6
16
37
85
72
74
89
89
Emil Isac
97
99
97
97
93
81
55
6
5
23
40
47
57
62
25
11
10
20
37
69
75
71
94
89
George Baritiu
91
93
92
98
87
83
55
13
8
23
35
53
56
58
31
9
15
15
45
65
77
71
96
95
Mihai Vitezul
96
100
99
96
92
83
47
15
9
20
37
49
65
65
29
9
10
16
44
71
76
83
86
91
Cuza Voda
99
91
94
96
89
79
53
5
6
24
45
48
61
55
28
12
5
16
45
66
76
71
94
93
Piata Avram Iancu 1
90
95
90
93
86
84
50
5
12
21
43
55
64
57
35
11
15
19
38
71
73
80
91
88
Piata Avram Iancu 2
91
98
93
95
94
84
51
11
14
20
43
50
59
62
26
6
10
24
37
74
80
75
96
90
Piata Avram Iancu 3
99
100
97
100
91
77
49
5
12
19
35
54
61
56
26
12
14
15
39
71
73
78
100
96
